0.00000000 5.00000000 1743.10575421
0.00000360 4.99372482 1744.72686406
0.00000720 4.98744380 1746.35285814
0.00001080 4.98115693 1747.98376143
0.00001440 4.97486419 1749.61959910
0.00001800 4.96856556 1751.26039649
0.00002160 4.96226102 1752.90617914
0.00002520 4.95595056 1754.55697277
0.00002880 4.94963416 1756.21280328
0.00003240 4.94331179 1757.87369677
0.00003600 4.93698344 1759.53967952
0.00003960 4.93064910 1761.21077802
0.00004320 4.92430874 1762.88701894
0.00004680 4.91796235 1764.56842914
0.00005040 4.91160990 1766.25503570
0.00005400 4.90525138 1767.94686589
0.00005760 4.89888678 1769.64394717
0.00006120 4.89251606 1771.34630723
0.00006480 4.88613921 1773.05397395
0.00006840 4.87975622 1774.76697540
0.00007200 4.87336706 1776.48533991
0.00007560 4.86697171 1778.20909597
0.00007920 4.86057016 1779.93827232
0.00008280 4.85416238 1781.67289790
0.00008640 4.84774836 1783.41300186
0.00009000 4.84132807 1785.15861360
0.00009360 4.83490150 1786.90976271
0.00009720 4.82846862 1788.66647902
0.00010080 4.82202942 1790.42879260
0.00010440 4.81558388 1792.19673372
0.00010800 4.80913197 1793.97033291
0.00011160 4.80267368 1795.74962092
0.00011520 4.79620898 1797.53462873
0.00011880 4.78973785 1799.32538757
0.00012240 4.78326028 1801.12192890
0.00012600 4.77677624 1802.92428445
0.00012960 4.77028572 1804.73248616
0.00013320 4.76378868 1806.54656624
0.00013680 4.75728511 1808.36655714
0.00014040 4.75077499 1810.19249158
0.00014400 4.74425830 1812.02440251
0.00014760 4.73773501 1813.86232317
0.00015120 4.73120511 1815.70628703
0.00015480 4.72466856 1817.55632784
0.00015840 4.71812536 1819.41247962
0.00016200 4.71157548 1821.27477665
0.00016560 4.70501889 1823.14325348
0.00016920 4.69845557 1825.01794495
0.00017280 4.69188551 1826.89888616
0.00017640 4.68530867 1828.78611250
0.00018000 4.67872504 1830.67965963
0.00018360 4.67213459 1832.57956353
0.00018720 4.66553731 1834.48586042
0.00019080 4.65893316 1836.39858686
0.00019440 4.65232212 1838.31777967
0.00019800 4.64570418 1840.24347599
0.00020160 4.63907930 1842.17571325
0.00020520 4.63244747 1844.11452918
0.00020880 4.62580866 1846.05996184
0.00021240 4.61916284 1848.01204957
0.00021600 4.61251000 1849.97083105
0.00021960 4.60585010 1851.93634527
0.00022320 4.59918313 1853.90863154
0.00022680 4.59250906 1855.88772948
0.00023040 4.58582787 1857.87367907
0.00023400 4.57913952 1859.86652060
0.00023760 4.57244400 1861.86629469
0.00024120 4.56574128 1863.87304231
0.00024480 4.55903134 1865.88680477
0.00024840 4.55231415 1867.90762372
0.00025200 4.54558968 1869.93554117
0.00025560 4.53885791 1871.97059948
0.00025920 4.53211882 1874.01284136
0.00026280 4.52537237 1876.06230989
0.00026640 4.51861855 1878.11904851
0.00027000 4.51185732 1880.18310103
0.00027360 4.50508866 1882.25451164
0.00027720 4.49831254 1884.33332490
0.00028080 4.49152894 1886.41958574
0.00028440 4.48473783 1888.51333951
0.00028800 4.47793919 1890.61463191
0.00029160 4.47113297 1892.72350907
0.00029520 4.46431917 1894.84001749
0.00029880 4.45749774 1896.96420409
0.00030240 4.45066867 1899.09611618
0.00030600 4.44383193 1901.23580152
0.00030960 4.43698748 1903.38330825
0.00031320 4.43013530 1905.53868494
0.00031680 4.42327536 1907.70198060
0.00032040 4.41640763 1909.87324465
0.00032400 4.40953209 1912.05252697
0.00032760 4.40264870 1914.23987787
0.00033120 4.39575744 1916.43534809
0.00033480 4.38885827 1918.63898885
0.00033840 4.38195117 1920.85085182
0.00034200 4.37503611 1923.07098911
0.00034560 4.36811305 1925.29945333
0.00034920 4.36118197 1927.53629753
0.00035280 4.35424284 1929.78157527
0.00035640 4.34729563 1932.03534056
0.00036000 4.34034030 1934.29764793
0.00036360 4.33337683 1936.56855238
0.00036720 4.32640518 1938.84810944
0.00037080 4.31942533 1941.13637512
0.00037440 4.31243724 1943.43340595
0.00037800 4.30544088 1945.73925899
0.00038160 4.29843622 1948.05399181
0.00038520 4.29142322 1950.37766252
0.00038880 4.28440186 1952.71032976
0.00039240 4.27737210 1955.05205274
0.00039600 4.27033392 1957.40289118
0.00039960 4.26328727 1959.76290538
0.00040320 4.25623212 1962.13215622
0.00040680 4.24916844 1964.51070511
0.00041040 4.24209621 1966.89861407
0.00041400 4.23501537 1969.29594570
0.00041760 4.22792591 1971.70276318
0.00042120 4.22082778 1974.11913031
0.00042480 4.21372095 1976.54511146
0.00042840 4.20660538 1978.98077166
0.00043200 4.19948105 1981.42617652
0.00043560 4.19234792 1983.88139231
0.00043920 4.18520595 1986.34648592
0.00044280 4.17805510 1988.82152490
0.00044640 4.17089534 1991.30657742
0.00045000 4.16372664 1993.80171236
0.00045360 4.15654895 1996.30699923
0.00045720 4.14936225 1998.82250824
0.00046080 4.14216649 2001.34831027
0.00046440 4.13496163 2003.88447691
0.00046800 4.12774765 2006.43108045
0.00047160 4.12052450 2008.98819388
0.00047520 4.11329214 2011.55589093
0.00047880 4.10605054 2014.13424605
0.00048240 4.09879965 2016.72333445
0.00048600 4.09153945 2019.32323205
0.00048960 4.08426989 2021.93401558
0.00049320 4.07699092 2024.55576250
0.00049680 4.06970252 2027.18855107
0.00050040 4.06240464 2029.83246034
0.00050400 4.05509725 2032.48757015
0.00050760 4.04778029 2035.15396115
0.00051120 4.04045374 2037.83171483
0.00051480 4.03311754 2040.52091349
0.00051840 4.02577167 2043.22164029
0.00052200 4.01841607 2045.93397924
0.00052560 4.01105071 2048.65801521
0.00052920 4.00367554 2051.39383394
0.00053280 3.99629052 2054.14152209
0.00053640 3.98889561 2056.90116719
0.00054000 3.98149077 2059.67285770
0.00054360 3.97407595 2062.45668299
0.00054720 3.96665110 2065.25273339
0.00055080 3.95921619 2068.06110016
0.00055440 3.95177117 2070.88187554
0.00055800 3.94431600 2073.71515274
0.00056160 3.93685062 2076.56102596
0.00056520 3.92937500 2079.41959040
0.00056880 3.92188909 2082.29094228
0.00057240 3.91439284 2085.17517887
0.00057600 3.90688621 2088.07239845
0.00057960 3.89936915 2090.98270040
0.00058320 3.89184162 2093.90618514
0.00058680 3.88430355 2096.84295421
0.00059040 3.87675492 2099.79311024
0.00059400 3.86919566 2102.75675699
0.00059760 3.86162574 2105.73399935
0.00060120 3.85404510 2108.72494336
0.00060480 3.84645369 2111.72969625
0.00060840 3.83885146 2114.74836641
0.00061200 3.83123837 2117.78106346
0.00061560 3.82361435 2120.82789822
0.00061920 3.81597937 2123.88898277
0.00062280 3.80833337 2126.96443043
0.00062640 3.80067630 2130.05435579
0.00063000 3.79300811 2133.15887476
0.00063360 3.78532873 2136.27810453
0.00063720 3.77763813 2139.41216364
0.00064080 3.76993625 2142.56117199
0.00064440 3.76222303 2145.72525084
0.00064800 3.75449842 2148.90452282
0.00065160 3.74676236 2152.09911202
0.00065520 3.73901480 2155.30914393
0.00065880 3.73125569 2158.53474549
0.00066240 3.72348497 2161.77604514
0.00066600 3.71570257 2165.03317281
0.00066960 3.70790845 2168.30625994
0.00067320 3.70010255 2171.59543954
0.00067680 3.69228481 2174.90084615
0.00068040 3.68445516 2178.22261593
0.00068400 3.67661356 2181.56088666
0.00068760 3.66875994 2184.91579775
0.00069120 3.66089425 2188.28749026
0.00069480 3.65301641 2191.67610699
0.00069840 3.64512638 2195.08179240
0.00070200 3.63722408 2198.50469275
0.00070560 3.62930947 2201.94495603
0.00070920 3.62138246 2205.40273205
0.00071280 3.61344301 2208.87817246
0.00071640 3.60549105 2212.37143074
0.00072000 3.59752652 2215.88266227
0.00072360 3.58954934 2219.41202437
0.00072720 3.58155946 2222.95967627
0.00073080 3.57355680 2226.52577920
0.00073440 3.56554131 2230.11049641
0.00073800 3.55751291 2233.71399316
0.00074160 3.54947154 2237.33643683
0.00074520 3.54141713 2240.97799688
0.00074880 3.53334961 2244.63884493
0.00075240 3.52526891 2248.31915477
0.00075600 3.51717496 2252.01910241
0.00075960 3.50906769 2255.73886612
0.00076320 3.50094703 2259.47862645
0.00076680 3.49281291 2263.23856628
0.00077040 3.48466525 2267.01887086
0.00077400 3.47650398 2270.81972785
0.00077760 3.46832903 2274.64132735
0.00078120 3.46014032 2278.48386195
0.00078480 3.45193778 2282.34752679
0.00078840 3.44372133 2286.23251954
0.00079200 3.43549089 2290.13904053
0.00079560 3.42724639 2294.06729274
0.00079920 3.41898775 2298.01748185
0.00080280 3.41071488 2301.98981631
0.00080640 3.40242772 2305.98450735
0.00081000 3.39412618 2310.00176907
0.00081360 3.38581017 2314.04181849
0.00081720 3.37747962 2318.10487553
0.00082080 3.36913444 2322.19116318
0.00082440 3.36077455 2326.30090743
0.00082800 3.35239987 2330.43433742
0.00083160 3.34401031 2334.59168544
0.00083520 3.33560578 2338.77318701
0.00083880 3.32718619 2342.97908095
0.00084240 3.31875147 2347.20960938
0.00084600 3.31030151 2351.46501787
0.00084960 3.30183624 2355.74555543
0.00085320 3.29335556 2360.05147459
0.00085680 3.28485937 2364.38303149
0.00086040 3.27634759 2368.74048593
0.00086400 3.26782013 2373.12410141
0.00086760 3.25927688 2377.53414527
0.00087120 3.25071776 2381.97088868
0.00087480 3.24214266 2386.43460677
0.00087840 3.23355150 2390.92557866
0.00088200 3.22494417 2395.44408759
0.00088560 3.21632057 2399.99042094
0.00088920 3.20768060 2404.56487035
0.00089280 3.19902417 2409.16773179
0.00089640 3.19035116 2413.79930564
0.00090000 3.18166149 2418.45989676
0.00090360 3.17295503 2423.14981462
0.00090720 3.16423169 2427.86937334
0.00091080 3.15549136 2432.61889181
0.00091440 3.14673393 2437.39869378
0.00091800 3.13795930 2442.20910795
0.00092160 3.12916735 2447.05046809
0.00092520 3.12035796 2451.92311309
0.00092880 3.11153104 2456.82738712
0.00093240 3.10268646 2461.76363971
0.00093600 3.09382411 2466.73222583
0.00093960 3.08494388 2471.73350608
0.00094320 3.07604564 2476.76784670
0.00094680 3.06712927 2481.83561978
0.00095040 3.05819466 2486.93720333
0.00095400 3.04924169 2492.07298139
0.00095760 3.04027023 2497.24334422
0.00096120 3.03128015 2502.44868834
0.00096480 3.02227134 2507.68941674
0.00096840 3.01324365 2512.96593897
0.00097200 3.00419698 2518.27867130
0.00097560 2.99513117 2523.62803686
0.00097920 2.98604611 2529.01446576
0.00098280 2.97694166 2534.43839529
0.00098640 2.96781768 2539.90027003
0.00099000 2.95867404 2545.40054203
0.00099360 2.94951060 2550.93967095
0.00099720 2.94032722 2556.51812428
0.00100080 2.93112375 2562.13637743
0.00100440 2.92190006 2567.79491400
0.00100800 2.91265600 2573.49422586
0.00101160 2.90339142 2579.23481343
0.00101520 2.89410617 2585.01718581
0.00101880 2.88480011 2590.84186098
0.00102240 2.87547308 2596.70936605
0.00102600 2.86612493 2602.62023739
0.00102960 2.85675549 2608.57502093
0.00103320 2.84736462 2614.57427229
0.00103680 2.83795216 2620.61855708
0.00104040 2.82851793 2626.70845108
0.00104400 2.81906178 2632.84454053
0.00104760 2.80958354 2639.02742229
0.00105120 2.80008304 2645.25770420
0.00105480 2.79056011 2651.53600525
0.00105840 2.78101458 2657.86295589
0.00106200 2.77144628 2664.23919829
0.00106560 2.76185502 2670.66538665
0.00106920 2.75224062 2677.14218743
0.00107280 2.74260291 2683.67027974
0.00107640 2.73294170 2690.25035554
0.00108000 2.72325679 2696.88312007
0.00108360 2.71354801 2703.56929209
0.00108720 2.70381517 2710.30960426
0.00109080 2.69405805 2717.10480348
0.00109440 2.68427647 2723.95565125
0.00109800 2.67447023 2730.86292403
0.00110160 2.66463913 2737.82741365
0.00110520 2.65478295 2744.84992765
0.00110880 2.64490149 2751.93128975
0.00111240 2.63499454 2759.07234022
0.00111600 2.62506188 2766.27393634
0.00111960 2.61510329 2773.53695282
0.00112320 2.60511856 2780.86228229
0.00112680 2.59510745 2788.25083576
0.00113040 2.58506975 2795.70354310
0.00113400 2.57500522 2803.22135357
0.00113760 2.56491362 2810.80523634
0.00114120 2.55479472 2818.45618100
0.00114480 2.54464828 2826.17519815
0.00114840 2.53447405 2833.96331999
0.00115200 2.52427178 2841.82160087
0.00115560 2.51404122 2849.75111796
0.00115920 2.50378212 2857.75297184
0.00116280 2.49349421 2865.82828721
0.00116640 2.48317722 2873.97821355
0.00117000 2.47283090 2882.20392580
0.00117360 2.46245497 2890.50662515
0.00117720 2.45204915 2898.88753976
0.00118080 2.44161315 2907.34792555
0.00118440 2.43114670 2915.88906703
0.00118800 2.42064950 2924.51227813
0.00119160 2.41012125 2933.21890308
0.00119520 2.39956166 2942.01031730
0.00119880 2.38897043 2950.88792837
0.00120240 2.37834723 2959.85317697
0.00120600 2.36769176 2968.90753792
0.00120960 2.35700369 2978.05252122
0.00121320 2.34628270 2987.28967311
0.00121680 2.33552846 2996.62057724
0.00122040 2.32474063 3006.04685583
0.00122400 2.31391886 3015.57017087
0.00122760 2.30306281 3025.19222542
0.00123120 2.29217211 3034.91476486
0.00123480 2.28124642 3044.73957836
0.00123840 2.27028536 3054.66850019
0.00124200 2.25928855 3064.70341127
0.00124560 2.24825562 3074.84624069
0.00124920 2.23718617 3085.09896730
0.00125280 2.22607982 3095.46362138
0.00125640 2.21493615 3105.94228638
0.00126000 2.20375475 3116.53710071
0.00126360 2.19253522 3127.25025963
0.00126720 2.18127712 3138.08401723
0.00127080 2.16998002 3149.04068842
0.00127440 2.15864347 3160.12265113
0.00127800 2.14726703 3171.33234847
0.00128160 2.13585023 3182.67229108
0.00128520 2.12439261 3194.14505956
0.00128880 2.11289369 3205.75330697
0.00129240 2.10135298 3217.49976148
0.00129600 2.08976998 3229.38722914
0.00129960 2.07814419 3241.41859673
0.00130320 2.06647508 3253.59683482
0.00130680 2.05476213 3265.92500089
0.00131040 2.04300480 3278.40624261
0.00131400 2.03120254 3291.04380135
0.00131760 2.01935478 3303.84101574
0.00132120 2.00746095 3316.80132548
0.00132480 1.99552047 3329.92827530
0.00132840 1.98353273 3343.22551911
0.00133200 1.97149711 3356.69682438
0.00133560 1.95941301 3370.34607671
0.00133920 1.94727976 3384.17728461
0.00134280 1.93509672 3398.19458457
0.00134640 1.92286322 3412.40224633
0.00135000 1.91057857 3426.80467848
0.00135360 1.89824208 3441.40643425
0.00135720 1.88585301 3456.21221775
0.00136080 1.87341065 3471.22689035
0.00136440 1.86091423 3486.45547757
0.00136800 1.84836299 3501.90317624
0.00137160 1.83575614 3517.57536204
0.00137520 1.82309287 3533.47759752
0.00137880 1.81037235 3549.61564047
0.00138240 1.79759373 3565.99545284
0.00138600 1.78475615 3582.62321009
0.00138960 1.77185871 3599.50531109
0.00139320 1.75890049 3616.64838861
0.00139680 1.74588055 3634.05932040
0.00140040 1.73279794 3651.74524085
0.00140400 1.71965166 3669.71355344
0.00140760 1.70644069 3687.97194386
0.00141120 1.69316399 3706.52839396
0.00141480 1.67982049 3725.39119646
0.00141840 1.66640908 3744.56897067
0.00142200 1.65292863 3764.07067911
0.00142560 1.63937798 3783.90564517
0.00142920 1.62575592 3804.08357196
0.00143280 1.61206121 3824.61456221
0.00143640 1.59829260 3845.50913964
0.00144000 1.58444877 3866.77827158
0.00144360 1.57052837 3888.43339312
0.00144720 1.55653001 3910.48643292
0.00145080 1.54245226 3932.94984069
0.00145440 1.52829364 3955.83661659
0.00145800 1.51405262 3979.16034260
0.00146160 1.49972765 4002.93521615
0.00146520 1.48531708 4027.17608607
0.00146880 1.47081925 4051.89849107
0.00147240 1.45623241 4077.11870111
0.00147600 1.44155479 4102.85376164
0.00147960 1.42678451 4129.12154119
0.00148320 1.41191967 4155.94078252
0.00148680 1.39695829 4183.33115756
0.00149040 1.38189830 4211.31332659
0.00149400 1.36673757 4239.90900198
0.00149760 1.35147389 4269.14101688
0.00150120 1.33610499 4299.03339941
0.00150480 1.32062847 4329.61145262
0.00150840 1.30504187 4360.90184107
0.00151200 1.28934262 4392.93268436
0.00151560 1.27352806 4425.73365840
0.00151920 1.25759542 4459.33610519
0.00152280 1.24154181 4493.77315166
0.00152640 1.22536423 4529.07983882
0.00153000 1.20905954 4565.29326187
0.00153360 1.19262448 4602.45272238
0.00153720 1.17605565 4640.59989391
0.00154080 1.15934949 4679.77900199
0.00154440 1.14250229 4720.03702015
0.00154800 1.12551016 4761.42388324
0.00155160 1.10836903 4803.99271987
0.00155520 1.09107466 4847.80010549
0.00155880 1.07362258 4892.90633807
0.00156240 1.05600811 4939.37573828
0.00156600 1.03822636 4987.27697608
0.00156960 1.02027216 5036.68342573
0.00157320 1.00214010 5087.67355109
0.00157680 0.98382448 5140.33132298
0.00158040 0.96531929 5194.74666968
0.00158400 0.94661820 5251.01596147
0.00158760 0.92771454 5309.24252869
0.00159120 0.90860127 5369.53721132
0.00159480 0.88927093 5432.01893578
0.00159840 0.86971567 5496.81531117
0.00160200 0.84992713 5564.06323164
0.00160560 0.82989650 5633.90946455
0.00160920 0.80961443 5706.51119269
0.00161280 0.78907099 5782.03646295
0.00161640 0.76825566 5860.66447054
0.00162000 0.74715726 5942.58557352
0.00162360 0.72576396 6028.00088257
0.00162720 0.70406315 6117.12119641
0.00163080 0.68204152 6210.16494341
0.00163440 0.65968492 6307.35462488
0.00163800 0.63697845 6408.91100570
0.00164160 0.61390637 6515.04391763
0.00164520 0.59045221 6625.93795283
0.00164880 0.56659883 6741.73040874
0.00165240 0.54232860 6862.47739716
0.00165600 0.51762368 6988.10171093
0.00165960 0.49246652 7118.31227608
0.00166320 0.46684059 7252.47881544
0.00166680 0.44073167 7389.43498871
0.00167040 0.41412970 7527.16573932
0.00167400 0.38703191 7662.30458724
0.00167760 0.35944761 7789.31506971
0.00168120 0.33140608 7899.14262191
0.00168480 0.30296916 7976.97828545
0.00168840 0.27425204 7998.56037627
0.00169200 0.24545722 7924.22083237
0.00169560 0.21693003 7690.10581800
0.00169920 0.18924565 7198.54232801
0.00170280 0.16333090 6320.39556199
0.00170640 0.14057747 4952.28454441
0.00171000 0.12274925 3196.12843365
0.00171360 0.11124319 1544.31747303
0.00171720 0.10568364 538.63458491
0.00172080 0.10374456 148.76370122
0.00172440 0.10320901 37.18017855
0.00172800 0.10307516 9.02007055
0.00173160 0.10304269 2.17175813
0.00173520 0.10303487 0.52192579
0.00173880 0.10303299 0.12537527
0.00174240 0.10303254 0.03011410
0.00174600 0.10303243 0.00723295
0.00174960 0.10303240 0.00173719
0.00175320 0.10303240 0.00041728
0.00175680 0.10303240 0.00010021
0.00176040 0.10303240 0.00002403
0.00176400 0.10303240 0.00000588
0.00176760 0.10303240 0.00000127
0.00177120 0.10303240 0.00000035
0.00177480 0.10303240 0.00000009
0.00177840 0.10303240 0.00000009
0.00178200 0.10303240 0.00000000
0.00178560 0.10303240 0.00000000
0.00178920 0.10303240 0.00000000
0.00179280 0.10303240 0.00000000
0.00179640 0.10303240 0.00000000
