0.00000000 5.00000000 1670.81197667
0.00000220 4.99632421 1671.60078798
0.00000440 4.99264669 1672.39081190
0.00000660 4.98896743 1673.18205159
0.00000880 4.98528643 1673.97451021
0.00001100 4.98160369 1674.76819093
0.00001320 4.97791920 1675.56309692
0.00001540 4.97423296 1676.35923140
0.00001760 4.97054497 1677.15659755
0.00001980 4.96685522 1677.95519860
0.00002200 4.96316372 1678.75503778
0.00002420 4.95947046 1679.55611832
0.00002640 4.95577544 1680.35844348
0.00002860 4.95207865 1681.16201652
0.00003080 4.94838009 1681.96684073
0.00003300 4.94467977 1682.77291939
0.00003520 4.94097767 1683.58025579
0.00003740 4.93727379 1684.38885326
0.00003960 4.93356813 1685.19871511
0.00004180 4.92986070 1686.00984469
0.00004400 4.92615147 1686.82224535
0.00004620 4.92244047 1687.63592044
0.00004840 4.91872767 1688.45087335
0.00005060 4.91501307 1689.26710745
0.00005280 4.91129669 1690.08462615
0.00005500 4.90757850 1690.90343287
0.00005720 4.90385851 1691.72353102
0.00005940 4.90013672 1692.54492404
0.00006160 4.89641312 1693.36761539
0.00006380 4.89268771 1694.19160853
0.00006600 4.88896049 1695.01690694
0.00006820 4.88523146 1695.84351410
0.00007040 4.88150060 1696.67143352
0.00007260 4.87776792 1697.50066871
0.00007480 4.87403342 1698.33122320
0.00007700 4.87029709 1699.16310054
0.00007920 4.86655893 1699.99630428
0.00008140 4.86281894 1700.83083798
0.00008360 4.85907711 1701.66670524
0.00008580 4.85533345 1702.50390965
0.00008800 4.85158794 1703.34245481
0.00009020 4.84784059 1704.18234436
0.00009240 4.84409138 1705.02358192
0.00009460 4.84034033 1705.86617115
0.00009680 4.83658743 1706.71011571
0.00009900 4.83283266 1707.55541928
0.00010120 4.82907604 1708.40208555
0.00010340 4.82531756 1709.25011824
0.00010560 4.82155721 1710.09952105
0.00010780 4.81779499 1710.95029774
0.00011000 4.81403090 1711.80245203
0.00011220 4.81026493 1712.65598770
0.00011440 4.80649709 1713.51090853
0.00011660 4.80272737 1714.36721831
0.00011880 4.79895576 1715.22492084
0.00012100 4.79518226 1716.08401995
0.00012320 4.79140688 1716.94451947
0.00012540 4.78762960 1717.80642325
0.00012760 4.78385043 1718.66973516
0.00012980 4.78006935 1719.53445908
0.00013200 4.77628638 1720.40059891
0.00013420 4.77250150 1721.26815855
0.00013640 4.76871471 1722.13714193
0.00013860 4.76492600 1723.00755299
0.00014080 4.76113539 1723.87939570
0.00014300 4.75734285 1724.75267401
0.00014520 4.75354840 1725.62739192
0.00014740 4.74975202 1726.50355343
0.00014960 4.74595371 1727.38116256
0.00015180 4.74215347 1728.26022334
0.00015400 4.73835130 1729.14073983
0.00015620 4.73454719 1730.02271607
0.00015840 4.73074114 1730.90615617
0.00016060 4.72693314 1731.79106421
0.00016280 4.72312320 1732.67744431
0.00016500 4.71931131 1733.56530060
0.00016720 4.71549747 1734.45463722
0.00016940 4.71168167 1735.34545833
0.00017160 4.70786391 1736.23776812
0.00017380 4.70404419 1737.13157078
0.00017600 4.70022250 1738.02687051
0.00017820 4.69639884 1738.92367156
0.00018040 4.69257321 1739.82197815
0.00018260 4.68874560 1740.72179456
0.00018480 4.68491601 1741.62312506
0.00018700 4.68108444 1742.52597395
0.00018920 4.67725088 1743.43034553
0.00019140 4.67341533 1744.33624415
0.00019360 4.66957779 1745.24367414
0.00019580 4.66573826 1746.15263987
0.00019800 4.66189672 1747.06314572
0.00020020 4.65805318 1747.97519609
0.00020240 4.65420764 1748.88879539
0.00020460 4.65036008 1749.80394807
0.00020680 4.64651051 1750.72065857
0.00020900 4.64265893 1751.63893136
0.00021120 4.63880532 1752.55877093
0.00021340 4.63494969 1753.48018179
0.00021560 4.63109204 1754.40316846
0.00021780 4.62723235 1755.32773547
0.00022000 4.62337063 1756.25388740
0.00022220 4.61950687 1757.18162882
0.00022440 4.61564107 1758.11096433
0.00022660 4.61177323 1759.04189854
0.00022880 4.60790334 1759.97443609
0.00023100 4.60403139 1760.90858164
0.00023320 4.60015739 1761.84433984
0.00023540 4.59628134 1762.78171541
0.00023760 4.59240322 1763.72071303
0.00023980 4.58852303 1764.66133746
0.00024200 4.58464077 1765.60359343
0.00024420 4.58075645 1766.54748571
0.00024640 4.57687004 1767.49301909
0.00024860 4.57298156 1768.44019838
0.00025080 4.56909099 1769.38902840
0.00025300 4.56519833 1770.33951401
0.00025520 4.56130359 1771.29166006
0.00025740 4.55740674 1772.24547145
0.00025960 4.55350780 1773.20095308
0.00026180 4.54960676 1774.15810988
0.00026400 4.54570361 1775.11694680
0.00026620 4.54179836 1776.07746880
0.00026840 4.53789099 1777.03968087
0.00027060 4.53398150 1778.00358802
0.00027280 4.53006989 1778.96919529
0.00027500 4.52615616 1779.93650771
0.00027720 4.52224030 1780.90553037
0.00027940 4.51832231 1781.87626836
0.00028160 4.51440218 1782.84872678
0.00028380 4.51047991 1783.82291078
0.00028600 4.50655550 1784.79882551
0.00028820 4.50262894 1785.77647615
0.00029040 4.49870024 1786.75586790
0.00029260 4.49476937 1787.73700598
0.00029480 4.49083635 1788.71989563
0.00029700 4.48690117 1789.70454212
0.00029920 4.48296382 1790.69095074
0.00030140 4.47902430 1791.67912679
0.00030360 4.47508260 1792.66907562
0.00030580 4.47113873 1793.66080256
0.00030800 4.46719268 1794.65431301
0.00031020 4.46324444 1795.64961236
0.00031240 4.45929401 1796.64670603
0.00031460 4.45534139 1797.64559947
0.00031680 4.45138657 1798.64629814
0.00031900 4.44742954 1799.64880755
0.00032120 4.44347032 1800.65313320
0.00032340 4.43950888 1801.65928064
0.00032560 4.43554523 1802.66725542
0.00032780 4.43157936 1803.67706313
0.00033000 4.42761127 1804.68870938
0.00033220 4.42364096 1805.70219981
0.00033440 4.41966841 1806.71754008
0.00033660 4.41569363 1807.73473586
0.00033880 4.41171662 1808.75379286
0.00034100 4.40773736 1809.77471682
0.00034320 4.40375585 1810.79751348
0.00034540 4.39977210 1811.82218864
0.00034760 4.39578609 1812.84874809
0.00034980 4.39179782 1813.87719767
0.00035200 4.38780729 1814.90754323
0.00035420 4.38381450 1815.93979066
0.00035640 4.37981943 1816.97394585
0.00035860 4.37582209 1818.01001475
0.00036080 4.37182247 1819.04800330
0.00036300 4.36782056 1820.08791750
0.00036520 4.36381637 1821.12976336
0.00036740 4.35980988 1822.17354690
0.00036960 4.35580110 1823.21927419
0.00037180 4.35179002 1824.26695132
0.00037400 4.34777663 1825.31658441
0.00037620 4.34376093 1826.36817960
0.00037840 4.33974292 1827.42174305
0.00038060 4.33572260 1828.47728097
0.00038280 4.33169995 1829.53479957
0.00038500 4.32767497 1830.59430511
0.00038720 4.32364766 1831.65580387
0.00038940 4.31961802 1832.71930214
0.00039160 4.31558604 1833.78480627
0.00039380 4.31155171 1834.85232262
0.00039600 4.30751503 1835.92185757
0.00039820 4.30347601 1836.99341755
0.00040040 4.29943462 1838.06700899
0.00040260 4.29539087 1839.14263839
0.00040480 4.29134476 1840.22031223
0.00040700 4.28729627 1841.30003706
0.00040920 4.28324541 1842.38181943
0.00041140 4.27919217 1843.46566594
0.00041360 4.27513655 1844.55158321
0.00041580 4.27107854 1845.63957788
0.00041800 4.26701813 1846.72965664
0.00042020 4.26295532 1847.82182620
0.00042240 4.25889012 1848.91609330
0.00042460 4.25482250 1850.01246471
0.00042680 4.25075247 1851.11094723
0.00042900 4.24668003 1852.21154769
0.00043120 4.24260516 1853.31427295
0.00043340 4.23852787 1854.41912991
0.00043560 4.23444815 1855.52612549
0.00043780 4.23036599 1856.63526665
0.00044000 4.22628140 1857.74656037
0.00044220 4.22219435 1858.86001368
0.00044440 4.21810486 1859.97563363
0.00044660 4.21401291 1861.09342729
0.00044880 4.20991851 1862.21340179
0.00045100 4.20582164 1863.33556427
0.00045320 4.20172230 1864.45992191
0.00045540 4.19762049 1865.58648193
0.00045760 4.19351620 1866.71525157
0.00045980 4.18940943 1867.84623811
0.00046200 4.18530016 1868.97944887
0.00046420 4.18118841 1870.11489118
0.00046640 4.17707416 1871.25257244
0.00046860 4.17295740 1872.39250006
0.00047080 4.16883814 1873.53468148
0.00047300 4.16471636 1874.67912418
0.00047520 4.16059207 1875.82583570
0.00047740 4.15646525 1876.97482356
0.00047960 4.15233591 1878.12609538
0.00048180 4.14820403 1879.27965876
0.00048400 4.14406961 1880.43552136
0.00048620 4.13993265 1881.59369089
0.00048840 4.13579315 1882.75417506
0.00049060 4.13165109 1883.91698164
0.00049280 4.12750647 1885.08211844
0.00049500 4.12335929 1886.24959329
0.00049720 4.11920954 1887.41941407
0.00049940 4.11505722 1888.59158869
0.00050160 4.11090232 1889.76612510
0.00050380 4.10674483 1890.94303128
0.00050600 4.10258476 1892.12231526
0.00050820 4.09842209 1893.30398510
0.00051040 4.09425682 1894.48804890
0.00051260 4.09008895 1895.67451480
0.00051480 4.08591846 1896.86339097
0.00051700 4.08174536 1898.05468563
0.00051920 4.07756964 1899.24840703
0.00052140 4.07339130 1900.44456347
0.00052360 4.06921032 1901.64316327
0.00052580 4.06502670 1902.84421482
0.00052800 4.06084045 1904.04772652
0.00053020 4.05665154 1905.25370682
0.00053240 4.05245998 1906.46216422
0.00053460 4.04826577 1907.67310725
0.00053680 4.04406889 1908.88654449
0.00053900 4.03986933 1910.10248454
0.00054120 4.03566711 1911.32093608
0.00054340 4.03146220 1912.54190778
0.00054560 4.02725461 1913.76540840
0.00054780 4.02304433 1914.99144672
0.00055000 4.01883135 1916.22003155
0.00055220 4.01461566 1917.45117178
0.00055440 4.01039727 1918.68487630
0.00055660 4.00617616 1919.92115407
0.00055880 4.00195234 1921.16001409
0.00056100 3.99772578 1922.40146539
0.00056320 3.99349650 1923.64551707
0.00056540 3.98926448 1924.89217825
0.00056760 3.98502972 1926.14145810
0.00056980 3.98079221 1927.39336585
0.00057200 3.97655194 1928.64791074
0.00057420 3.97230892 1929.90510210
0.00057640 3.96806312 1931.16494927
0.00057860 3.96381456 1932.42746166
0.00058080 3.95956322 1933.69264871
0.00058300 3.95530910 1934.96051991
0.00058520 3.95105218 1936.23108480
0.00058740 3.94679248 1937.50435297
0.00058960 3.94252997 1938.78033405
0.00059180 3.93826465 1940.05903772
0.00059400 3.93399652 1941.34047371
0.00059620 3.92972557 1942.62465180
0.00059840 3.92545180 1943.91158181
0.00060060 3.92117519 1945.20127362
0.00060280 3.91689575 1946.49373715
0.00060500 3.91261346 1947.78898238
0.00060720 3.90832833 1949.08701933
0.00060940 3.90404033 1950.38785806
0.00061160 3.89974948 1951.69150871
0.00061380 3.89545576 1952.99798144
0.00061600 3.89115916 1954.30728649
0.00061820 3.88685969 1955.61943412
0.00062040 3.88255733 1956.93443468
0.00062260 3.87825207 1958.25229853
0.00062480 3.87394391 1959.57303611
0.00062700 3.86963285 1960.89665790
0.00062920 3.86531888 1962.22317444
0.00063140 3.86100199 1963.55259633
0.00063360 3.85668217 1964.88493421
0.00063580 3.85235943 1966.22019878
0.00063800 3.84803374 1967.55840079
0.00064020 3.84370512 1968.89955104
0.00064240 3.83937354 1970.24366041
0.00064460 3.83503900 1971.59073981
0.00064680 3.83070150 1972.94080022
0.00064900 3.82636103 1974.29385266
0.00065120 3.82201758 1975.64990823
0.00065340 3.81767115 1977.00897807
0.00065560 3.81332173 1978.37107337
0.00065780 3.80896932 1979.73620540
0.00066000 3.80461390 1981.10438548
0.00066220 3.80025547 1982.47562497
0.00066440 3.79589402 1983.84993532
0.00066660 3.79152955 1985.22732802
0.00066880 3.78716205 1986.60781461
0.00067100 3.78279152 1987.99140672
0.00067320 3.77841793 1989.37811601
0.00067540 3.77404130 1990.76795421
0.00067760 3.76966161 1992.16093313
0.00067980 3.76527886 1993.55706462
0.00068200 3.76089303 1994.95636059
0.00068420 3.75650413 1996.35883302
0.00068640 3.75211214 1997.76449396
0.00068860 3.74771706 1999.17335552
0.00069080 3.74331888 2000.58542986
0.00069300 3.73891759 2002.00072921
0.00069520 3.73451319 2003.41926588
0.00069740 3.73010566 2004.84105222
0.00069960 3.72569501 2006.26610066
0.00070180 3.72128123 2007.69442370
0.00070400 3.71686430 2009.12603390
0.00070620 3.71244422 2010.56094388
0.00070840 3.70802099 2011.99916633
0.00071060 3.70359459 2013.44071401
0.00071280 3.69916502 2014.88559975
0.00071500 3.69473227 2016.33383646
0.00071720 3.69029634 2017.78543708
0.00071940 3.68585721 2019.24041466
0.00072160 3.68141488 2020.69878230
0.00072380 3.67696935 2022.16055318
0.00072600 3.67252059 2023.62574053
0.00072820 3.66806862 2025.09435768
0.00073040 3.66361341 2026.56641801
0.00073260 3.65915496 2028.04193498
0.00073480 3.65469327 2029.52092212
0.00073700 3.65022832 2031.00339304
0.00073920 3.64576012 2032.48936142
0.00074140 3.64128864 2033.97884100
0.00074360 3.63681389 2035.47184562
0.00074580 3.63233585 2036.96838917
0.00074800 3.62785452 2038.46848564
0.00075020 3.62336989 2039.97214907
0.00075240 3.61888195 2041.47939360
0.00075460 3.61439069 2042.99023344
0.00075680 3.60989611 2044.50468286
0.00075900 3.60539820 2046.02275623
0.00076120 3.60089695 2047.54446800
0.00076340 3.59639236 2049.06983268
0.00076560 3.59188440 2050.59886487
0.00076780 3.58737309 2052.13157925
0.00077000 3.58285840 2053.66799059
0.00077220 3.57834033 2055.20811373
0.00077440 3.57381887 2056.75196359
0.00077660 3.56929401 2058.29955518
0.00077880 3.56476576 2059.85090359
0.00078100 3.56023408 2061.40602399
0.00078320 3.55569899 2062.96493165
0.00078540 3.55116047 2064.52764190
0.00078760 3.54661851 2066.09417018
0.00078980 3.54207310 2067.66453199
0.00079200 3.53752424 2069.23874294
0.00079420 3.53297191 2070.81681872
0.00079640 3.52841612 2072.39877511
0.00079860 3.52385684 2073.98462796
0.00080080 3.51929407 2075.57439323
0.00080300 3.51472781 2077.16808697
0.00080520 3.51015804 2078.76572530
0.00080740 3.50558475 2080.36732446
0.00080960 3.50100795 2081.97290075
0.00081180 3.49642760 2083.58247059
0.00081400 3.49184372 2085.19605048
0.00081620 3.48725629 2086.81365701
0.00081840 3.48266530 2088.43530686
0.00082060 3.47807074 2090.06101683
0.00082280 3.47347261 2091.69080379
0.00082500 3.46887089 2093.32468472
0.00082720 3.46426558 2094.96267669
0.00082940 3.45965666 2096.60479686
0.00083160 3.45504413 2098.25106250
0.00083380 3.45042798 2099.90149099
0.00083600 3.44580819 2101.55609978
0.00083820 3.44118477 2103.21490644
0.00084040 3.43655770 2104.87792865
0.00084260 3.43192696 2106.54518416
0.00084480 3.42729257 2108.21669085
0.00084700 3.42265449 2109.89246669
0.00084920 3.41801272 2111.57252977
0.00085140 3.41336727 2113.25689826
0.00085360 3.40871810 2114.94559046
0.00085580 3.40406522 2116.63862475
0.00085800 3.39940861 2118.33601965
0.00086020 3.39474828 2120.03779375
0.00086240 3.39008419 2121.74396578
0.00086460 3.38541636 2123.45455457
0.00086680 3.38074476 2125.16957904
0.00086900 3.37606938 2126.88905825
0.00087120 3.37139023 2128.61301136
0.00087340 3.36670728 2130.34145764
0.00087560 3.36202053 2132.07441647
0.00087780 3.35732996 2133.81190736
0.00088000 3.35263558 2135.55394991
0.00088220 3.34793736 2137.30056386
0.00088440 3.34323530 2139.05176905
0.00088660 3.33852938 2140.80758545
0.00088880 3.33381961 2142.56803313
0.00089100 3.32910596 2144.33313230
0.00089320 3.32438842 2146.10290328
0.00089540 3.31966700 2147.87736652
0.00089760 3.31494167 2149.65654256
0.00089980 3.31021242 2151.44045211
0.00090200 3.30547925 2153.22911597
0.00090420 3.30074215 2155.02255507
0.00090640 3.29600110 2156.82079047
0.00090860 3.29125609 2158.62384335
0.00091080 3.28650712 2160.43173504
0.00091300 3.28175417 2162.24448697
0.00091520 3.27699723 2164.06212071
0.00091740 3.27223630 2165.88465795
0.00091960 3.26747135 2167.71212054
0.00092180 3.26270238 2169.54453043
0.00092400 3.25792939 2171.38190971
0.00092620 3.25315235 2173.22428063
0.00092840 3.24837125 2175.07166553
0.00093060 3.24358610 2176.92408692
0.00093280 3.23879686 2178.78156743
0.00093500 3.23400354 2180.64412985
0.00093720 3.22920613 2182.51179708
0.00093940 3.22440460 2184.38459217
0.00094160 3.21959895 2186.26253832
0.00094380 3.21478918 2188.14565887
0.00094600 3.20997526 2190.03397729
0.00094820 3.20515718 2191.92751721
0.00095040 3.20033494 2193.82630240
0.00095260 3.19550852 2195.73035676
0.00095480 3.19067792 2197.63970436
0.00095700 3.18584311 2199.55436942
0.00095920 3.18100409 2201.47437628
0.00096140 3.17616085 2203.39974946
0.00096360 3.17131337 2205.33051362
0.00096580 3.16646164 2207.26669358
0.00096800 3.16160565 2209.20831430
0.00097020 3.15674539 2211.15540091
0.00097240 3.15188085 2213.10797869
0.00097460 3.14701201 2215.06607307
0.00097680 3.14213887 2217.02970965
0.00097900 3.13726140 2218.99891419
0.00098120 3.13237961 2220.97371260
0.00098340 3.12749346 2222.95413097
0.00098560 3.12260296 2224.94019553
0.00098780 3.11770810 2226.93193270
0.00099000 3.11280885 2228.92936904
0.00099220 3.10790520 2230.93253130
0.00099440 3.10299715 2232.94144638
0.00099660 3.09808468 2234.95614137
0.00099880 3.09316778 2236.97664351
0.00100100 3.08824643 2239.00298023
0.00100320 3.08332062 2241.03517912
0.00100540 3.07839034 2243.07326796
0.00100760 3.07345558 2245.11727468
0.00100980 3.06851632 2247.16722741
0.00101200 3.06357256 2249.22315445
0.00101420 3.05862426 2251.28508429
0.00101640 3.05367144 2253.35304560
0.00101860 3.04871406 2255.42706721
0.00102080 3.04375212 2257.50717816
0.00102300 3.03878561 2259.59340767
0.00102520 3.03381450 2261.68578515
0.00102740 3.02883879 2263.78434017
0.00102960 3.02385847 2265.88910254
0.00103180 3.01887351 2268.00010221
0.00103400 3.01388391 2270.11736937
0.00103620 3.00888965 2272.24093436
0.00103840 3.00389072 2274.37082775
0.00104060 2.99888711 2276.50708029
0.00104280 2.99387879 2278.64972293
0.00104500 2.98886576 2280.79878682
0.00104720 2.98384800 2282.95430332
0.00104940 2.97882550 2285.11630399
0.00105160 2.97379825 2287.28482059
0.00105380 2.96876622 2289.45988509
0.00105600 2.96372941 2291.64152966
0.00105820 2.95868780 2293.82978669
0.00106040 2.95364137 2296.02468877
0.00106260 2.94859012 2298.22626872
0.00106480 2.94353402 2300.43455956
0.00106700 2.93847306 2302.64959452
0.00106920 2.93340724 2304.87140707
0.00107140 2.92833652 2307.10003087
0.00107360 2.92326090 2309.33549983
0.00107580 2.91818036 2311.57784806
0.00107800 2.91309489 2313.82710991
0.00108020 2.90800447 2316.08331994
0.00108240 2.90290909 2318.34651295
0.00108460 2.89780872 2320.61672396
0.00108680 2.89270337 2322.89398823
0.00108900 2.88759300 2325.17834125
0.00109120 2.88247761 2327.46981873
0.00109340 2.87735717 2329.76845663
0.00109560 2.87223168 2332.07429116
0.00109780 2.86710112 2334.38735874
0.00110000 2.86196547 2336.70769606
0.00110220 2.85682471 2339.03534002
0.00110440 2.85167883 2341.37032780
0.00110660 2.84652782 2343.71269680
0.00110880 2.84137165 2346.06248469
0.00111100 2.83621031 2348.41972938
0.00111320 2.83104379 2350.78446902
0.00111540 2.82587206 2353.15674203
0.00111760 2.82069512 2355.53658709
0.00111980 2.81551294 2357.92404313
0.00112200 2.81032551 2360.31914933
0.00112420 2.80513280 2362.72194514
0.00112640 2.79993481 2365.13247028
0.00112860 2.79473152 2367.55076474
0.00113080 2.78952291 2369.97686875
0.00113300 2.78430896 2372.41082283
0.00113520 2.77908966 2374.85266778
0.00113740 2.77386498 2377.30244465
0.00113960 2.76863492 2379.76019478
0.00114180 2.76339945 2382.22595979
0.00114400 2.75815855 2384.69978157
0.00114620 2.75291221 2387.18170228
0.00114840 2.74766041 2389.67176440
0.00115060 2.74240313 2392.17001065
0.00115280 2.73714036 2394.67648408
0.00115500 2.73187207 2397.19122800
0.00115720 2.72659825 2399.71428603
0.00115940 2.72131888 2402.24570205
0.00116160 2.71603394 2404.78552029
0.00116380 2.71074341 2407.33378522
0.00116600 2.70544727 2409.89054165
0.00116820 2.70014551 2412.45583469
0.00117040 2.69483811 2415.02970972
0.00117260 2.68952505 2417.61221246
0.00117480 2.68420630 2420.20338892
0.00117700 2.67888185 2422.80328543
0.00117920 2.67355168 2425.41194863
0.00118140 2.66821578 2428.02942547
0.00118360 2.66287411 2430.65576322
0.00118580 2.65752667 2433.29100947
0.00118800 2.65217343 2435.93521212
0.00119020 2.64681437 2438.58841941
0.00119240 2.64144948 2441.25067989
0.00119460 2.63607873 2443.92204245
0.00119680 2.63070210 2446.60255629
0.00119900 2.62531957 2449.29227097
0.00120120 2.61993113 2451.99123635
0.00120340 2.61453675 2454.69950266
0.00120560 2.60913641 2457.41712043
0.00120780 2.60373009 2460.14414057
0.00121000 2.59831778 2462.88061430
0.00121220 2.59289944 2465.62659321
0.00121440 2.58747506 2468.38212920
0.00121660 2.58204462 2471.14727456
0.00121880 2.57660810 2473.92208191
0.00122100 2.57116547 2476.70660421
0.00122320 2.56571671 2479.50089481
0.00122540 2.56026181 2482.30500737
0.00122760 2.55480074 2485.11899595
0.00122980 2.54933348 2487.94291496
0.00123200 2.54386000 2490.77681916
0.00123420 2.53838029 2493.62076368
0.00123640 2.53289433 2496.47480402
0.00123860 2.52740208 2499.33899605
0.00124080 2.52190354 2502.21339602
0.00124300 2.51639867 2505.09806054
0.00124520 2.51088745 2507.99304658
0.00124740 2.50536987 2510.89841152
0.00124960 2.49984589 2513.81421311
0.00125180 2.49431550 2516.74050946
0.00125400 2.48877867 2519.67735908
0.00125620 2.48323538 2522.62482086
0.00125840 2.47768561 2525.58295408
0.00126060 2.47212932 2528.55181841
0.00126280 2.46656651 2531.53147389
0.00126500 2.46099714 2534.52198098
0.00126720 2.45542119 2537.52340051
0.00126940 2.44983864 2540.53579373
0.00127160 2.44424946 2543.55922225
0.00127380 2.43865363 2546.59374810
0.00127600 2.43305113 2549.63943372
0.00127820 2.42744192 2552.69634193
0.00128040 2.42182599 2555.76453596
0.00128260 2.41620330 2558.84407944
0.00128480 2.41057385 2561.93503642
0.00128700 2.40493759 2565.03747134
0.00128920 2.39929451 2568.15144905
0.00129140 2.39364457 2571.27703481
0.00129360 2.38798777 2574.41429429
0.00129580 2.38232405 2577.56329358
0.00129800 2.37665341 2580.72409915
0.00130020 2.37097582 2583.89677793
0.00130240 2.36529125 2587.08139721
0.00130460 2.35959967 2590.27802475
0.00130680 2.35390106 2593.48672867
0.00130900 2.34819539 2596.70757754
0.00131120 2.34248263 2599.94064033
0.00131340 2.33676276 2603.18598643
0.00131560 2.33103575 2606.44368565
0.00131780 2.32530158 2609.71380821
0.00132000 2.31956021 2612.99642474
0.00132220 2.31381161 2616.29160629
0.00132440 2.30805577 2619.59942434
0.00132660 2.30229265 2622.91995076
0.00132880 2.29652223 2626.25325784
0.00133100 2.29074447 2629.59941830
0.00133320 2.28495935 2632.95850525
0.00133540 2.27916684 2636.33059224
0.00133760 2.27336692 2639.71575319
0.00133980 2.26755954 2643.11406246
0.00134200 2.26174469 2646.52559482
0.00134420 2.25592234 2649.95042542
0.00134640 2.25009244 2653.38862983
0.00134860 2.24425499 2656.84028403
0.00135080 2.23840994 2660.30546438
0.00135300 2.23255727 2663.78424764
0.00135520 2.22669694 2667.27671099
0.00135740 2.22082893 2670.78293197
0.00135960 2.21495321 2674.30298852
0.00136180 2.20906975 2677.83695896
0.00136400 2.20317850 2681.38492200
0.00136620 2.19727946 2684.94695672
0.00136840 2.19137257 2688.52314257
0.00137060 2.18545782 2692.11355939
0.00137280 2.17953517 2695.71828734
0.00137500 2.17360459 2699.33740698
0.00137720 2.16766605 2702.97099919
0.00137940 2.16171951 2706.61914522
0.00138160 2.15576495 2710.28192666
0.00138380 2.14980233 2713.95942540
0.00138600 2.14383162 2717.65172371
0.00138820 2.13785279 2721.35890412
0.00139040 2.13186580 2725.08104952
0.00139260 2.12587062 2728.81824307
0.00139480 2.11986722 2732.57056826
0.00139700 2.11385556 2736.33810881
0.00139920 2.10783562 2740.12094877
0.00140140 2.10180735 2743.91917242
0.00140360 2.09577073 2747.73286431
0.00140580 2.08972572 2751.56210923
0.00140800 2.08367228 2755.40699219
0.00141020 2.07761039 2759.26759843
0.00141240 2.07154000 2763.14401340
0.00141460 2.06546108 2767.03632273
0.00141680 2.05937360 2770.94461222
0.00141900 2.05327752 2774.86896785
0.00142120 2.04717281 2778.80947574
0.00142340 2.04105943 2782.76622213
0.00142560 2.03493735 2786.73929338
0.00142780 2.02880652 2790.72877594
0.00143000 2.02266692 2794.73475634
0.00143220 2.01651850 2798.75732116
0.00143440 2.01036123 2802.79655702
0.00143660 2.00419508 2806.85255053
0.00143880 1.99802001 2810.92538832
0.00144100 1.99183597 2815.01515696
0.00144320 1.98564294 2819.12194297
0.00144540 1.97944087 2823.24583278
0.00144760 1.97322973 2827.38691272
0.00144980 1.96700948 2831.54526897
0.00145200 1.96078008 2835.72098752
0.00145420 1.95454149 2839.91415419
0.00145640 1.94829368 2844.12485455
0.00145860 1.94203660 2848.35317389
0.00146080 1.93577023 2852.59919722
0.00146300 1.92949451 2856.86300919
0.00146520 1.92320941 2861.14469408
0.00146740 1.91691489 2865.44433575
0.00146960 1.91061092 2869.76201761
0.00147180 1.90429744 2874.09782254
0.00147400 1.89797442 2878.45183290
0.00147620 1.89164183 2882.82413043
0.00147840 1.88529962 2887.21479625
0.00148060 1.87894774 2891.62391076
0.00148280 1.87258617 2896.05155361
0.00148500 1.86621486 2900.49780367
0.00148720 1.85983376 2904.96273893
0.00148940 1.85344284 2909.44643643
0.00149160 1.84704206 2913.94897227
0.00149380 1.84063137 2918.47042147
0.00149600 1.83421074 2923.01085792
0.00149820 1.82778012 2927.57035434
0.00150040 1.82133946 2932.14898217
0.00150260 1.81488873 2936.74681150
0.00150480 1.80842789 2941.36391101
0.00150700 1.80195689 2946.00034786
0.00150920 1.79547569 2950.65618761
0.00151140 1.78898425 2955.33149415
0.00151360 1.78248252 2960.02632956
0.00151580 1.77597046 2964.74075406
0.00151800 1.76944803 2969.47482588
0.00152020 1.76291518 2974.22860116
0.00152240 1.75637188 2979.00213384
0.00152460 1.74981808 2983.79547552
0.00152680 1.74325373 2988.60867538
0.00152900 1.73667879 2993.44178003
0.00153120 1.73009322 2998.29483337
0.00153340 1.72349697 3003.16787648
0.00153560 1.71689000 3008.06094746
0.00153780 1.71027226 3012.97408127
0.00154000 1.70364372 3017.90730959
0.00154220 1.69700432 3022.86066069
0.00154440 1.69035403 3027.83415918
0.00154660 1.68369280 3032.82782592
0.00154880 1.67702057 3037.84167780
0.00155100 1.67033732 3042.87572753
0.00155320 1.66364300 3047.92998348
0.00155540 1.65693755 3053.00444947
0.00155760 1.65022094 3058.09912453
0.00155980 1.64349312 3063.21400269
0.00156200 1.63675405 3068.34907275
0.00156420 1.63000368 3073.50431804
0.00156640 1.62324197 3078.67971615
0.00156860 1.61646888 3083.87523869
0.00157080 1.60968435 3089.09085099
0.00157300 1.60288835 3094.32651184
0.00157520 1.59608083 3099.58217317
0.00157740 1.58926175 3104.85777974
0.00157960 1.58243107 3110.15326884
0.00158180 1.57558873 3115.46856989
0.00158400 1.56873470 3120.80360419
0.00158620 1.56186893 3126.15828445
0.00158840 1.55499138 3131.53251445
0.00159060 1.54810201 3136.92618865
0.00159280 1.54120077 3142.33919177
0.00159500 1.53428763 3147.77139833
0.00159720 1.52736253 3153.22267220
0.00159940 1.52042544 3158.69286618
0.00160160 1.51347632 3164.18182141
0.00160380 1.50651512 3169.68936695
0.00160600 1.49954180 3175.21531919
0.00160820 1.49255633 3180.75948130
0.00161040 1.48555866 3186.32164263
0.00161260 1.47854875 3191.90157813
0.00161480 1.47152656 3197.49904770
0.00161700 1.46449207 3203.11379551
0.00161920 1.45744522 3208.74554931
0.00162140 1.45038598 3214.39401971
0.00162360 1.44331431 3220.05889945
0.00162580 1.43623018 3225.73986254
0.00162800 1.42913355 3231.43656350
0.00163020 1.42202439 3237.14863646
0.00163240 1.41490266 3242.87569429
0.00163460 1.40776834 3248.61732763
0.00163680 1.40062138 3254.37310389
0.00163900 1.39346176 3260.14256631
0.00164120 1.38628944 3265.92523276
0.00164340 1.37910441 3271.72059473
0.00164560 1.37190662 3277.52811610
0.00164780 1.36469606 3283.34723193
0.00165000 1.35747270 3289.17734716
0.00165220 1.35023651 3295.01783533
0.00165440 1.34298747 3300.86803709
0.00165660 1.33572556 3306.72725883
0.00165880 1.32845076 3312.59477108
0.00166100 1.32116305 3318.46980696
0.00166320 1.31386242 3324.35156046
0.00166540 1.30654884 3330.23918474
0.00166760 1.29922232 3336.13179027
0.00166980 1.29188283 3342.02844291
0.00167200 1.28453036 3347.92816193
0.00167420 1.27716492 3353.82991791
0.00167640 1.26978650 3359.73263051
0.00167860 1.26239509 3365.63516624
0.00168080 1.25499069 3371.53633601
0.00168300 1.24757331 3377.43489264
0.00168520 1.24014295 3383.32952820
0.00168740 1.23269963 3389.21887132
0.00168960 1.22524334 3395.10148422
0.00169180 1.21777412 3400.97585978
0.00169400 1.21029197 3406.84041831
0.00169620 1.20279693 3412.69350428
0.00169840 1.19528900 3418.53338288
0.00170060 1.18776823 3424.35823631
0.00170280 1.18023464 3430.16616010
0.00170500 1.17268827 3435.95515901
0.00170720 1.16512917 3441.72314298
0.00170940 1.15755738 3447.46792268
0.00171160 1.14997295 3453.18720501
0.00171380 1.14237594 3458.87858826
0.00171600 1.13476641 3464.53955714
0.00171820 1.12714442 3470.16747754
0.00172040 1.11951005 3475.75959100
0.00172260 1.11186338 3481.31300899
0.00172480 1.10420449 3486.82470688
0.00172700 1.09653348 3492.29151762
0.00172920 1.08885044 3497.71012516
0.00173140 1.08115547 3503.07705749
0.00173360 1.07344870 3508.38867946
0.00173580 1.06573025 3513.64118516
0.00173800 1.05800024 3518.83059003
0.00174020 1.05025881 3523.95272250
0.00174240 1.04250611 3529.00321536
0.00174460 1.03474231 3533.97749668
0.00174680 1.02696756 3538.87078025
0.00174900 1.01918204 3543.67805570
0.00175120 1.01138595 3548.39407812
0.00175340 1.00357948 3553.01335714
0.00175560 0.99576285 3557.53014567
0.00175780 0.98793629 3561.93842800
0.00176000 0.98010002 3566.23190745
0.00176220 0.97225431 3570.40399350
0.00176440 0.96439942 3574.44778826
0.00176660 0.95653564 3578.35607252
0.00176880 0.94866326 3582.12129105
0.00177100 0.94078259 3585.73553744
0.00177320 0.93289397 3589.19053824
0.00177540 0.92499775 3592.47763647
0.00177760 0.91709430 3595.58777454
0.00177980 0.90918401 3598.51147648
0.00178200 0.90126728 3601.23882951
0.00178420 0.89334456 3603.75946500
0.00178640 0.88541629 3606.06253871
0.00178860 0.87748295 3608.13671045
0.00179080 0.86954505 3609.97012303
0.00179300 0.86160311 3611.55038063
0.00179520 0.85365770 3612.86452657
0.00179740 0.84570940 3613.89902046
0.00179960 0.83775882 3614.63971492
0.00180180 0.82980661 3615.07183170
0.00180400 0.82185346 3615.17993748
0.00180620 0.81390006 3614.94791928
0.00180840 0.80594718 3614.35895963
0.00181060 0.79799559 3613.39551160
0.00181280 0.79004612 3612.03927383
0.00181500 0.78209963 3610.27116565
0.00181720 0.77415703 3608.07130259
0.00181940 0.76621928 3605.41897225
0.00182160 0.75828735 3602.29261109
0.00182380 0.75036231 3598.66978208
0.00182600 0.74244524 3594.52715368
0.00182820 0.73453728 3589.84048051
0.00183040 0.72663963 3584.58458599
0.00183260 0.71875354 3578.73334742
0.00183480 0.71088033 3572.25968410
0.00183700 0.70302136 3565.13554878
0.00183920 0.69517806 3557.33192334
0.00184140 0.68735193 3548.81881914
0.00184360 0.67954453 3539.56528292
0.00184580 0.67175748 3529.53940893
0.00184800 0.66399250 3518.70835832
0.00185020 0.65625134 3507.03838673
0.00185240 0.64853585 3494.49488096
0.00185460 0.64084797 3481.04240617
0.00185680 0.63318967 3466.64476447
0.00185900 0.62556305 3451.26506647
0.00186120 0.61797027 3434.86581704
0.00186340 0.61041357 3417.40901664
0.00186560 0.60289527 3398.85627985
0.00186780 0.59541778 3379.16897247
0.00187000 0.58798361 3358.30836885
0.00187220 0.58059533 3336.23583085
0.00187440 0.57325561 3312.91300993
0.00187660 0.56596720 3288.30207389
0.00187880 0.55873294 3262.36595929
0.00188100 0.55155573 3235.06865085
0.00188320 0.54443858 3206.37548850
0.00188540 0.53738456 3176.25350271
0.00188760 0.53039680 3144.67177812
0.00188980 0.52347852 3111.60184516
0.00189200 0.51663300 3077.01809869
0.00189420 0.50986356 3040.89824208
0.00189640 0.50317358 3003.22375427
0.00189860 0.49656649 2963.98037669
0.00190080 0.49004573 2923.15861561
0.00190300 0.48361478 2880.75425492
0.00190520 0.47727712 2836.76887283
0.00190740 0.47103623 2791.21035502
0.00190960 0.46489557 2744.09339575
0.00191180 0.45885857 2695.43997691
0.00191400 0.45292860 2645.27981467
0.00191620 0.44710898 2593.65076168
0.00191840 0.44140295 2540.59915277
0.00192060 0.43581363 2486.18008125
0.00192280 0.43034404 2430.45759301
0.00192500 0.42499703 2373.50478586
0.00192720 0.41977532 2315.40380221
0.00192940 0.41468143 2256.24570459
0.00193160 0.40971769 2196.13022504
0.00193380 0.40488620 2135.16538179
0.00193600 0.40018884 2073.46695946
0.00193820 0.39562721 2011.15785194
0.00194040 0.39120266 1948.36727112
0.00194260 0.38691626 1885.22982789
0.00194480 0.38276875 1821.88449639
0.00194700 0.37876060 1758.47347576
0.00194920 0.37489196 1695.14096770
0.00195140 0.37116265 1632.03189123
0.00195360 0.36757218 1569.29055855
0.00195580 0.36411974 1507.05933810
0.00195800 0.36080421 1445.47733173
0.00196020 0.35762416 1384.67909306
0.00196240 0.35457787 1324.79341333
0.00196460 0.35166332 1265.94219911
0.00196680 0.34887825 1208.23946385
0.00196900 0.34622012 1151.79045132
0.00197120 0.34368618 1096.69090571
0.00197340 0.34127346 1043.02649815
0.00197560 0.33897881 990.87241508
0.00197780 0.33679889 940.29310957
0.00198000 0.33473024 891.34221194
0.00198220 0.33276929 844.06259228
0.00198440 0.33091235 798.48656424
0.00198660 0.32915568 754.63621628
0.00198880 0.32749548 712.52385475
0.00199100 0.32592793 672.15254142
0.00199320 0.32444919 633.51670821
0.00199540 0.32305546 596.60283023
0.00199760 0.32174293 561.39014048
0.00199980 0.32050787 527.85136916
0.00200200 0.31934660 495.95349257
0.00200420 0.31825550 465.65847809
0.00200640 0.31723105 436.92401306
0.00200860 0.31626982 409.70420788
0.00201080 0.31536847 383.95026512
0.00201300 0.31452378 359.61110852
0.00201520 0.31373264 336.63396669
0.00201740 0.31299204 314.96490941
0.00201960 0.31229912 294.54933402
0.00202180 0.31165111 275.33240190
0.00202400 0.31104538 257.25942567
0.00202620 0.31047941 240.27620813
0.00202840 0.30995080 224.32933541
0.00203060 0.30945728 209.36642649
0.00203280 0.30899667 195.33634247
0.00203500 0.30856693 182.18935828
0.00203720 0.30816611 169.87730014
0.00203940 0.30779238 158.35365231
0.00204160 0.30744400 147.57363615
0.00204380 0.30711934 137.49426455
0.00204600 0.30681686 128.07437497
0.00204820 0.30653509 119.27464357
0.00205040 0.30627269 111.05758345
0.00205260 0.30602836 103.38752892
0.00205480 0.30580091 96.23060841
0.00205700 0.30558920 89.55470789
0.00205920 0.30539218 83.32942637
0.00206140 0.30520886 77.52602546
0.00206360 0.30503830 72.11737390
0.00206580 0.30487964 67.07788879
0.00206800 0.30473207 62.38347415
0.00207020 0.30459483 58.01145810
0.00207240 0.30446720 53.94052889
0.00207460 0.30434853 50.15067128
0.00207680 0.30423820 46.62310306
0.00207900 0.30413563 43.34021242
0.00208120 0.30404028 40.28549656
0.00208340 0.30395165 37.44350213
0.00208560 0.30386928 34.79976718
0.00208780 0.30379272 32.34076505
0.00209000 0.30372157 30.05385053
0.00209220 0.30365545 27.92720809
0.00209440 0.30359401 25.94980243
0.00209660 0.30353692 24.11133109
0.00209880 0.30348387 22.40217969
0.00210100 0.30343459 20.81337891
0.00210320 0.30338880 19.33656420
0.00210540 0.30334626 17.96393730
0.00210760 0.30330674 16.68822995
0.00210980 0.30327003 15.50266971
0.00211200 0.30323592 14.40094767
0.00211420 0.30320424 13.37718802
0.00211640 0.30317481 12.42591949
0.00211860 0.30314747 11.54204853
0.00212080 0.30312208 10.72083413
0.00212300 0.30309849 9.95786399
0.00212520 0.30307658 9.24903258
0.00212740 0.30305624 8.59052022
0.00212960 0.30303734 7.97877375
0.00213180 0.30301978 7.41048830
0.00213400 0.30300348 6.88259031
0.00213620 0.30298834 6.39222163
0.00213840 0.30297428 5.93672474
0.00214060 0.30296122 5.51362882
0.00214280 0.30294909 5.12063689
0.00214500 0.30293782 4.75561373
0.00214720 0.30292736 4.41657470
0.00214940 0.30291764 4.10167508
0.00215160 0.30290862 3.80920049
0.00215380 0.30290024 3.53755776
0.00215600 0.30289246 3.28526625
0.00215820 0.30288523 3.05095027
0.00216040 0.30287852 2.83333146
0.00216260 0.30287228 2.63122204
0.00216480 0.30286649 2.44351846
0.00216700 0.30286112 2.26919547
0.00216920 0.30285613 2.10730054
0.00217140 0.30285149 1.95694878
0.00217360 0.30284718 1.81731814
0.00217580 0.30284319 1.68764497
0.00217800 0.30283947 1.56721991
0.00218020 0.30283603 1.45538408
0.00218240 0.30283282 1.35152535
0.00218460 0.30282985 1.25507519
0.00218680 0.30282709 1.16550555
0.00218900 0.30282452 1.08232592
0.00219120 0.30282214 1.00508079
0.00219340 0.30281993 0.93334694
0.00219560 0.30281788 0.86673146
0.00219780 0.30281597 0.80486927
0.00220000 0.30281420 0.74742138