0.00000000 5.00000000 0.03486212
0.00002000 4.96513788 0.03504310
0.00004000 4.93009479 0.03522714
0.00006000 4.89486765 0.03541435
0.00008000 4.85945330 0.03560481
0.00010000 4.82384849 0.03579861
0.00012000 4.78804988 0.03599586
0.00014000 4.75205402 0.03619667
0.00016000 4.71585735 0.03640114
0.00018000 4.67945621 0.03660938
0.00020000 4.64284683 0.03682153
0.00022000 4.60602530 0.03703769
0.00024000 4.56898761 0.03725801
0.00026000 4.53172960 0.03748262
0.00028000 4.49424698 0.03771166
0.00030000 4.45653532 0.03794529
0.00032000 4.41859003 0.03818365
0.00034000 4.38040638 0.03842693
0.00036000 4.34197945 0.03867528
0.00038000 4.30330417 0.03892889
0.00040000 4.26437528 0.03918796
0.00042000 4.22518732 0.03945269
0.00044000 4.18573463 0.03972328
0.00046000 4.14601136 0.03999996
0.00048000 4.10601140 0.04028296
0.00050000 4.06572844 0.04057255
0.00052000 4.02515589 0.04086897
0.00054000 3.98428692 0.04117251
0.00056000 3.94311442 0.04148345
0.00058000 3.90163096 0.04180212
0.00060000 3.85982884 0.04212884
0.00062000 3.81770000 0.04246397
0.00064000 3.77523604 0.04280786
0.00066000 3.73242817 0.04316093
0.00068000 3.68926724 0.04352359
0.00070000 3.64574364 0.04389630
0.00072000 3.60184735 0.04427952
0.00074000 3.55756782 0.04467379
0.00076000 3.51289404 0.04507963
0.00078000 3.46781440 0.04549765
0.00080000 3.42231676 0.04592847
0.00082000 3.37638829 0.04637277
0.00084000 3.33001552 0.04683128
0.00086000 3.28318425 0.04730478
0.00088000 3.23587946 0.04779414
0.00090000 3.18808533 0.04830025
0.00092000 3.13978508 0.04882413
0.00094000 3.09096095 0.04936685
0.00096000 3.04159410 0.04992958
0.00098000 2.99166452 0.05051361
0.00100000 2.94115092 0.05112033
0.00102000 2.89003059 0.05175129
0.00104000 2.83827930 0.05240816
0.00106000 2.78587114 0.05309279
0.00108000 2.73277834 0.05380724
0.00110000 2.67897110 0.05455375
0.00112000 2.62441735 0.05533485
0.00114000 2.56908250 0.05615333
0.00116000 2.51292916 0.05701232
0.00118000 2.45591684 0.05791532
0.00120000 2.39800152 0.05886629
0.00122000 2.33913523 0.05986968
0.00124000 2.27926556 0.06093057
0.00126000 2.21833499 0.06205476
0.00128000 2.15628023 0.06324888
0.00130000 2.09303135 0.06452060
0.00132000 2.02851075 0.06587883
0.00134000 1.96263192 0.06733396
0.00136000 1.89529796 0.06889824
0.00138000 1.82639972 0.07058619
0.00140000 1.75581353 0.07241519
0.00142000 1.68339834 0.07440625
0.00144000 1.60899210 0.07658500
0.00146000 1.53240710 0.07898313
0.00148000 1.45342397 0.08164030
0.00150000 1.37178367 0.08460686
0.00152000 1.28717681 0.08794786
0.00154000 1.19922895 0.09174880
0.00156000 1.10748016 0.09612446
0.00158000 1.01135570 0.10123237
0.00160000 0.91012333 0.10729364
0.00162000 0.80282968 0.11462460
0.00164000 0.68820508 0.12367712
0.00166000 0.56452796 0.13503843
0.00168000 0.42948954 0.14896034
0.00170000 0.28052919 0.16000710
0.00172000 0.12052210 0.05829575
0.00174000 0.06222635 0.00000000
0.00176000 0.06222635 0.00000000
0.00178000 0.06222635 0.00000000
0.00180000 0.06222635 0.00000000
0.00182000 0.06222635 0.00000000
0.00184000 0.06222635 0.00000000
0.00186000 0.06222635 0.00000000
0.00188000 0.06222635 0.00000000
0.00190000 0.06222635 0.00000000
0.00192000 0.06222635 0.00000000
0.00194000 0.06222635 0.00000000
0.00196000 0.06222635 0.00000000
0.00198000 0.06222635 0.00000000